gens : 907
s0 : 28.57493
R : 47.92138
d : 9.96397
n : 3.27714
eta : 1326.53983
A : 8371876222.08095
xi : 0.95181
phi : 0.73796
err_area : 0.09894
err_x_end : 0.02523
err_y_end : 0.0846
err_mrate : 0.12601
err_avg : 0.0837
