gens : 444
s0 : 0.01751
R : 84.41671
d : 7.60422
n : 2.34397
eta : 1375.30221
A : 3196383330.73131
xi : 1.02886
phi : 3.93761
err_area : 0.15336
err_x_end : 0.01119
err_y_end : 0.00336
err_avg : 0.05597
