gens : 319
s0 : 24.6593
R : 58.83305
d : 9.69744
n : 2.45021
eta : 1570.78384
A : 4099774746.45794
xi : 1.00711
phi : 2.7384
err_area : 0.14767
err_x_end : 0.00701
err_y_end : 0.00701
err_avg : 0.0539
