gens : 2
s0 : 62.9116
R : 87.52003
d : 2.13441
n : 2.90018
eta : 1451.48172
A : 4652712535.93366
xi : 0.94332
phi : 2.81752
err_area : 0.09032
err_x_end : 0.36673
err_y_end : 0.29295
err_mrate : 0.26864
err_total : 0.25466
